Training accuracy: 0.9787166666666667
Testing  accuracy: 0.969
    0    1    2    3    4    5    6    7    8    9
---------------------------------------------------
  973    0    0    1    0    3    0    1    2    0 | 0 = 0
    0 1121    4    0    0    1    4    0    5    0 | 1 = 1
    6    0 1009    1    2    0    3    5    6    0 | 2 = 2
    0    0    7  968    1   21    0    6    6    1 | 3 = 3
    2    0    3    0  948    1    6    2    2   18 | 4 = 4
    4    1    0    6    1  873    3    1    2    1 | 5 = 5
    6    3    1    0    5   10  931    0    2    0 | 6 = 6
    3    5   16    2    1    0    0  985    1   15 | 7 = 7
    7    2    5   11    3   16    6    2  918    4 | 8 = 8
    5    5    1    9    9   10    0    4    2  964 | 9 = 9

Confusion matrix format: Actual (rowClass) predicted as (columnClass) N times
